1
41
61
89
131
193
407
503
949
1129
1549
1643
1831
2623
2789
3641
3791
4057
4507
4757
5849
6707
7181
8593
9557
9701
13849
15577
16439
17459
19763
20399
21173
22577
23227
24067
25861
28093
29801
31943
34709
35863
38141
41443
54437
57131
60187
62621
64433
65239
70937
72407
77293
78319
85097
91813
94841
95023
100127
101803
105527
116849
121151
124409
126257
133997
134377
137023
140339
142729
158093
166357
168689
174031
175747
177131
179213
195947
202673
204079
207251
209107
213893
214409
217243
223673
225599
227897
229283
253273
261971
263393
273269
289747
294997
314299
321563
360497
364141
376627
402943
405397
413621
434363
436021
463387
469237
470303
481627
495643
507713
508609
524633
560359
568577
580009
586067
593011
611563
617681
635477
658361
673283
686717
736469
743083
764023
764489
769913
782923
798347
807839
823693
825341
833759
835981
887557
912577
924803
951599
962951
996869
1002167
1048613
1054393
1070737
1084039
1128031
1132211
1166813
1171741
1186513
1196851
1199567
1215587
1243579
1249147
1266883
1280093
1318357
1347043
1383371
1386337
1388557
1406323
1422727
1446497
1480247
1559833
1574813
1628827
1658257
1701389
1769449
1778569
1793381
1794319
1819171
1845703
1871389
1875649
1919873
1929713
1940453
1952711
1961161
1973597
2016211
2040611
2066483
2072023
2172803
2246927
2268113
2272819
2288159
2290303
2295547
2313373
2414689
2425307
2437219
2481553
2494141
2548177
2559029
2667617
2686963
2745467
2790691
2846591
2896987
2925197
2992219
3004433
3016669
3027887
3135451
3156613
3193103
3223309
3276401
3408121
3513917
3567563
3594371
3638333
3644189
3671579
3743401
3748897
3814309
3866437
3940171
3990769
4024813
4064141
4099381
4214009
4222021
4257607
4267129
4326137
4401731
4477513
4694353
4761313
4826737
4891813
4922311
4962413
5052539
5098547
5118167
5131201
5149243
5179169
5212103
5272111
5299423
5334349
5453249
5554349
5592907
5616281
5644417
5656669
5797397
5812451
5856269
5900333
5918407
5962417
5999983
6092809
6274201
6297947
6344399
6417589
6479593
6620779
6660277
6751819
6765989
6823549
6943039
6970253
7138823
7171123
7186673
7303001
7335047
7348867
7477231
7508371
7531681
7572659
7900367
7956937
7985533
8064437
8067847
8179211
8203291
8238007
8332657
8550881
8577269
8597377
8784659
8869313
9082639
9121913
9164063
9218681
9366163
9377747
9429923
9488237
9646873
9730963
9815639
9862243
10011941
10109803
10118599
10239629
10513417
10550273
10701839
10766087
11110717
11142737
11264413
11276171
11434771
11454337
11584343
11696711
11807471
11823883
11856197
11878589
11958833
12002611
12082001
12220709
12229759
12304139
12310631
12408131
12413603
12530171
12706973
12781583
12920921
12943169
12946079
13058767
13279799
13330589
13475113
13482997
13679951
13796389
13985179
14014633
14198617
14283607
14353217
14405729
14410583
14470567
14555587
14691527
14964127
15166889
15286147
15425947
15455821
15480637
15613051
15766111
15792587
16105031
16178887
16211801
16310549
16460923
16585643
16745909
17244151
17374081
17547211
17736671
17911237
18143717
18229789
18266839
18341819
18350791
18596867
18743071
18807157
18891601
19100497
19107397
19366951
19426991
19581833
20050931
20078699
20221543
20360653
20397947
20556103
20641459
20694221
20713009
20882111
20915561
21089129
21103903
21229261
21259751
21572983
21791809
21869569
21908587
22145569
22173173
22646291
22735367
22939673
23008939
23091619
23269279
619
23269279
