1
3
7
15
25
41
61
89
131
161
193
245
295
363
407
503
579
721
801
949
1129
1185
1323
1549
1643
1831
1939
2031
2317
2623
2789
3045
3143
3641
3791
4057
4507
4757
5019
5559
5849
6309
6707
7181
7593
7995
8593
8865
9557
9701
10245
10485
10595
11501
11995
12747
13601
13849
14919
15093
15577
16439
17005
17459
17883
19763
20399
21173
21795
22577
23227
23751
24067
25861
26787
28093
29067
29801
30331
31375
31943
33237
34709
35863
37689
38141
39261
39339
41443
43895
45051
46581
47127
47761
49191
49535
51261
52073
52509
54437
57131
59549
60187
62621
64433
65239
65823
68553
70659
70937
72407
77293
78319
78445
79885
81599
83763
85097
86787
89757
91813
94841
95023
96593
100127
101803
105405
105527
109347
110613
113325
116849
118055
121151
121989
124409
126257
128975
133997
134377
137023
137967
140339
142729
151235
153585
155141
158093
160617
166357
168689
174031
175747
177131
179213
183435
185773
187677
190205
195947
199165
202673
204079
207251
209107
213893
214409
217243
223673
225599
227897
229283
232581
234353
242475
250983
253273
258339
261971
263393
268827
269397
273269
279927
286587
289747
293209
294997
297185
300291
304635
305667
313671
314299
321563
326019
327003
329735
341967
345843
348341
355705
360497
364141
370805
376627
381451
381787
386953
393663
399291
402943
405397
410649
413621
417495
428869
434363
436021
450699
453363
458325
463387
467139
469237
470303
477453
481627
495643
507713
508609
520865
523239
524633
533099
538389
543021
548499
549505
560359
568577
580009
586067
590073
593011
596827
605325
611563
617681
635477
642345
647343
649611
658361
662035
673283
681801
686717
694001
696219
697797
725039
732237
736469
741391
743083
754899
760731
764023
764489
769913
774957
781035
782923
798347
807839
823693
825341
833759
835981
844905
