1
3
7
15
25
41
61
89
131
161
193
245
295
363
407
503
579
721
801
949
1129
1185
1323
1549
1643
1831
1939
2031
2317
2623
2789
3045
3143
3641
3791
4057
4507
4757
5019
5559
5849
6309
6707
7181
7593
7995
8593
8865
9557
9701
10245
10485
10595
11501
11995
12747
13601
13849
14919
15093
15577
16439
17005
17459
17883
19763
20399
21173
21795
22577
23227
23751
24067
25861
26787
28093
29067
29801
30331
31375
31943
33237
34709
35863
37689
38141
39261
39339
41443
43895
45051
46581
47127
47761
49191
49535
51261
52073
52509
54437
57131
59549
60187
62621
64433
65239
65823
68553
70659
70937
72407
77293
78319
78445
79885
81599
83763
85097
86787
89757
91813
94841
95023
96593
100127
101803
105405
105527
109347
110613
113325
116849
118055
121151
121989
124409
126257
128975
133997
134377
137023
137967
140339
142729
151235
153585
155141
158093
160617
166357
168689
174031
175747
177131
179213
183435
185773
187677
190205
195947
199165
202673
204079
207251
209107
213893
214409
217243
223673
225599
227897
229283
232581
234353
242475
250983
253273
258339
261971
263393
268827
269397
273269
279927
286587
289747
293209
294997
297185
300291
304635
305667
313671
314299
321563
326019
327003
329735
341967
345843
348341
355705
360497
364141
370805
376627
381451
381787
386953
393663
399291
402943
405397
410649
413621
417495
428869
434363
436021
450699
453363
458325
463387
467139
469237
470303
477453
481627
495643
507713
508609
520865
523239
524633
533099
538389
543021
548499
549505
560359
568577
580009
586067
590073
593011
596827
605325
611563
617681
635477
642345
647343
649611
658361
662035
673283
681801
686717
694001
696219
697797
725039
732237
736469
741391
743083
754899
760731
764023
764489
769913
774957
781035
782923
798347
807839
823693
825341
833759
835981
844905
867945
869545
881237
882295
887557
892129
912577
916851
924803
941339
949335
951599
962951
965735
996869
1002167
1016385
1022515
1029287
1048613
1054393
1070737
1073805
1076661
1084039
1110549
1128031
1132211
1134815
1144053
1164955
1166813
1171741
1186513
1193673
1196851
1199567
1215587
1220807
1243579
1249147
1255405
1266883
1280093
1297715
1318357
1327115
1334673
1345629
1347043
1372025
1383371
1386337
1388557
1393861
1406323
1422727
1446497
1459719
1462015
1479915
1480247
1488805
1506585
1536267
1540225
1547823
1559833
1574813
1589799
1595133
1601315
1627917
1628827
1654245
1658257
1679455
1694859
1701389
1703253
1725711
1761591
1769449
1778569
1793381
1794319
1809939
1819171
1830507
1845703
1871389
1875649
1877751
1919873
1922705
1929713
1940453
1952711
1961161
1973597
2016211
2019669
2033811
2040611
2057223
2066483
2072023
2085635
2101761
2103565
2121687
2172803
2184085
2192323
2206911
2246927
2268113
2272819
2288159
2290303
2295547
2313373
2328555
2332509
2349501
2374113
2390631
2402523
2414689
2425307
2437219
2450037
2455773
2481553
2494141
2516469
2530923
2548177
2559029
2577225
2597959
2612495
2653835
2667617
2682379
2686963
2734959
2745467
2749557
2769903
2776293
2788479
2790691
2819223
2834671
2837885
2846591
2892417
2896987
2925197
2937865
2949395
2992219
3004433
3016669
3027887
3099385
3104721
3116607
3135451
3156613
3187085
3188739
3193103
3209133
3223309
3276401
3315807
3323097
3336687
3369305
3401695
3408121
3424435
3466295
3488799
3513917
3532371
3540593
3549279
3567563
3581607
3594371
3638333
3644189
3671579
3677373
3680495
3686529
3716973
3743401
3748897
3814309
3866437
3883745
3906215
3921927
3940171
3990769
4011051
4012775
4024813
4044837
4054887
4064141
4092695
4099381
4162435
4170089
4214009
4222021
4234293
4257607
4261467
4267129
4326137
4331285
4366795
4373163
4401731
4457665
4477513
4520793
4575993
4607379
4612419
4622157
4639313
4694353
4696689
4729257
4761313
4773381
4784605
4826737
4859289
4871721
4891813
4909205
4922311
4962413
4986537
4993115
5052539
5098547
5118167
5131201
5143985
5149243
5179169
5205471
5212103
5271155
5272111
5299423
5334349
5395825
5411195
5432943
5453249
5481279
5496063
5538633
5547273
5554349
5592907
5616281
5636099
5644417
5656669
5706095
5717907
5758005
5797397
5812451
5856269
5870935
5900333
5910459
5918407
5962417
5999983
6026211
6032369
6033455
6066969
6082573
6092809
6171683
6194725
6258095
6274201
6297947
6306051
6330849
6344399
6375297
6417589
6456055
6479593
6530705
6563073
6620779
6660277
6699831
6703487
6721899
6733195
6751819
6765989
6823549
6876401
6894279
6907621
6943039
6970253
7045495
7138823
7151379
7156595
7171123
7186673
7249473
7252395
7303001
7335047
7348867
7351813
7477231
7508371
7531681
7572659
7614761
7636085
7659069
7663747
7676745
7725015
7821225
7885377
7900367
7908929
7956937
7985533
8029401
8064437
8067847
8130735
8156007
8179211
8203291
8238007
8310195
8332657
8353807
8365889
8395495
8423185
8437455
8506473
8550881
8577269
8597377
8603943
8659731
8715279
8784659
8806653
8831085
8869313
8909559
8921633
8934477
8979081
9037527
9053781
9082639
9121913
9136179
9164063
9218681
9263673
9366163
9377747
9429923
9456459
9467907
9488237
9595525
9638601
9646873
9701993
9730963
9773961
9815639
9862243
9915563
10011941
10029355
10062153
10109803
10118599
10177317
10239629
10271359
10306751
10420203
10427095
10507167
10513417
10550273
10569375
10573435
10683933
10701839
10706799
10723125
10747715
10758423
10766087
10918167
10943051
10989429
11032713
11110717
11142737
11259895
11264413
11276171
11293791
11434771
11454337
11537335
11548665
11553363
11584343
11642889
11696711
11725375
11758983
11807471
11823883
11856197
11878589
11949623
11958833
12002611
12047493
12082001
12220709
12229759
12304139
12310631
12408131
12409481
12413603
12418449
12493923
12530171
12631835
12643731
12706973
12781583
12870483
12902565
12920921
12943169
12946079
13058767
13061237
13118105
13243737
13251303
13279799
13290069
13330589
13475113
13482997
13528543
13562059
13679951
13739235
13796389
13941489
13985179
14014633
14050075
14076201
14198617
14254667
14283607
14353217
14364939
14386625
14405729
14410583
14470567
14555587
14651967
14691527
14703275
14835273
14873335
14964127
14990085
15017733
15067557
15166889
15201087
15214203
15286147
15305271
15425947
15455821
15480637
15515381
15547173
15613051
15624903
15647217
15766111
15792587
15793941
15840777
15952181
16049805
16058109
16105031
16178887
16211801
16310549
16359343
16451007
16460923
16516551
16585643
16636893
16675141
16745211
16745909
16799237
16945055
17051305
17125925
17142651
17209809
17244151
17351805
17374081
17427177
17493507
17547211
17674785
17736671
17799215
17813201
17827439
17866745
17911237
17990675
18067419
18143717
18229789
18266839
18333185
18341819
18350791
18401547
18517251
18571005
18596867
18662749
18743071
18807157
18869709
18891601
18961089
19083421
19100497
19107397
19153285
19302861
19366951
19426991
19485275
19486683
19557633
19581833
19592629
19695665
19723403
19854961
19914927
19942389
19982615
20050931
20078699
20221543
20309935
20360653
20397947
20441973
20462813
20556103
20641459
20694221
20713009
20767735
20882111
20915561
21038575
21089129
21103903
21124881
21229261
21259751
21305157
21400185
21486647
21572983
21668739
21670635
21700903
21791809
21869569
21908587
21982919
22104025
22114561
22145569
22173173
22347273
22413861
22516753
22518135
22646291
22735367
22906195
22939673
23008939
23091619
23195859
23248165
23269279
23380761
23431053
23470275
